1774
1773
1772
1771
1770
1769
1767
1766
1765
1764
1739
1738
1737
1736
1735
1734
1730
1729
1728
1727
1726
1725
1724
1722
1719
1718
1717
1716
1715
1714
1713
1712
1708
1707
1706
1704
1703
1702
1701
1694
1693
1692
1691
1688
1682
1681
1680
1679
1678
1662
1661
1660
1659
1658
1657
1656
1655
1654
1653
1652
1651
1650
1649
1648
1647
1646
1645
1644
1643
1642
1641
1640
1638
1637
1636
1635
1634
1633
1632
1631
1630
1629
1628
1627
1626
1625
1609
1608
1607
1606
1605
1604
1603
1602
1601
1600
1598
1597
1596
1595
1594
1593
1592
1591
1590
1589
1588
1587
1586
1579
1578
1577
1576
1575
1574
1573
1572
1571
1570
1569
1568
1567
1566
1565
1564
1563
1562
1561
1527
1526
1525
1524
1523
1522
1521
1520
1519
1518
1517
1516
1515
1514
1513
1468
1467
1466
1414
1413
1412
1411
1410
1409
1408
1405
1404
1397
1396
1395
1394
1393
1392
1391
1390
1389
1365
1364
1363
1362
1361
1360
1359
1358
1357
1356
1355
1354
1352
1340
1339
1338
1337
1336
1335
1334
1333
1332
1293
1292
1291
1290
1282
1258
1257
1256
1255
1254